2450598719 3993777626 178688420
990387307 2284751995 36035279
1479519873 1430606124 25388869
2928263979 2233553333 51198662
1825810145 1093816339 30855096
3131362216 1499369679 38622365
2629287139 1980229176 243592551
2979462641 1827354243 146328983
937194740 3188384434 9817881
2069360741 1973683226 975358
1856665241 3781082126 212695500
642830371 945238436 148577903
4114154511 1124671435 95554104
3777484412 483834992 305990165
3264059981 2427531551 296117669
272170557 2723649220 370659814
262438951 2223821727 9731606
1615429560 1220225539 210380585
1028349507 226445100 83554339
4209708615 3198202315 85258681
3169984581 3094309034 94075400
4083474577 309999439 30679934
2872879690 115495593 55384289
2138362191 340679373 4164957
947012621 1455994993 43374686
791408274 1606018136 145786466
1026422586 1825427322 1926921
1578531462 789825157 8469921
3670740135 2320787274 106744277
2272532251 170879882 55565218
3125791624 1974658584 5570592
1111903846 3283460996 367616027
2070336099 1537992044 68026092
1504908742 1751804602 73622720
2142527148 3651077023 130005103
2328097469 4172466046 122501250
1587001383 344844330 28428177
3560177650 373272507 110562485
115495593 798295078 146943358
