2102802203 2756269781 87468599
2877112183 2931341663 22549647
3494879649 1477788233 182041959
2436026725 2953891310 81993792
2899661830 373999642 244663414
2190270802 850802545 169763790
3866824018 90439080 13573105
320139638 1659830192 113214403
1131501111 1773044595 246249128
2417984929 828638896 16505804
3839766923 845144700 5657845
4161134012 2843738380 87603283
3731370785 3801964390 108396138
1003659815 3442085055 127841296
918426975 3986208955 85232840
433354041 618663056 209975840
2811371438 0 65740745
2518020517 1329719948 148068285
651651860 3035885102 266775115
0 2256642811 320139638
2666088802 228717006 145282636
4136435677 65740745 24698335
3144325244 1046598285 188874270
1657153777 2576782449 179487332
1844732214 3569926351 232038039
643329881 2077244060 8321979
1471997632 4071441795 175759508
2076770253 1020566335 26031950
3676921608 3931759778 54449177
3997010839 3302660217 139424838
3845424768 3910360528 21399250
1836641109 104012185 8091105
3333199514 2085566039 161680135
3880397123 112103290 116613716
2360034592 2019293723 57950337
1377750239 1235472555 94247393
1647757140 2247246174 9396637
2434490733 4247201303 1535992
