83647742 560398800 311449275
4201716419 3337900402 93250877
1071565427 3024001249 4392221
3424420254 3520028211 161472091
1227070419 2828368402 116428819
0 2744720660 83647742
4199359339 3431151279 2357080
1807547949 2359072262 384093366
3336003529 3486377667 33650544
1075957648 871848075 149557739
3585892345 3681500302 613466994
955495817 2243002652 116069610
2191641315 1406250497 836752155
3369654073 3433508359 52869308
1343499238 2944797221 79204028
3422523381 3336003529 1896873
395097017 0 560398800
1225515387 2743165628 1555032
1422703266 1021405814 384844683
