1288462652 3191328122 309853381
3216116191 1774097401 151922673
1739360920 2276789875 44162492
220941763 1080382821 325206789
2416141229 3949354107 345613189
1783523412 765967805 117439234
2876214366 1010215130 70167691
2761754418 3142514478 48813644
3840090062 3541735844 44042641
2946382057 1417076798 106871618
3750331405 3501181503 29948437
1105413398 1405589610 11487188
2867709608 3585778485 8504758
3053253675 3594283243 162862516
15940804 0 90040993
2192246779 537548320 223894450
210335859 3531129940 10605904
546148552 2351877346 559264846
1598316033 883407039 110119908
2851021425 993526947 16688183
0 90040993 15940804
4134281688 3757145759 160685608
3718808665 3917831367 31522740
1116900586 2970952412 171562066
2810568062 210335859 40453363
3780279842 2911142192 59810220
1900962646 761442770 4525035
1905487681 250789222 286759098
3368038864 1926020074 350769801
1708435941 2320952367 30924979
3884132703 1523948416 250148985
