627617777 1691901751 235673208
2425244517 2483951770 157286279
1339042890 1549225044 142676707
481294110 381503165 89539853
863290985 1007717708 39103521
570833963 324719351 56783814
3953140805 3714151881 155523737
902394506 1941176275 61481385
963875891 675869083 331848625
1922840702 1046821229 502403815
1481719597 1927574959 13601316
1820040264 573068645 102800438
1295724516 2641238049 43318374
0 2002657660 481294110
1495320913 0 324719351
2582530796 471043018 102025627
3714151881 3869675618 238988924
