3340701300 3627322367 174281926
3514983226 4012096602 282870694
403969772 2344934648 125307793
356249525 1299750763 47720247
529277565 0 19150241
2425473363 606907612 15105367
1622667408 1693081570 188915118
1858084350 1347471010 47053630
4223873328 2752952198 71093968
2749048741 3035669808 188955792
0 2134178305 190659232
1112200615 96440819 510466793
4148180263 2749048741 3903457
1811582526 1113827741 11131074
548427806 2324837537 20097111
1905137980 2051821050 82357255
3116507691 3224625600 224193609
1822713600 1657710820 35370750
568524917 622012979 491814762
2440578730 66777108 29663711
2250681415 1124958815 174791948
4009477562 3873393901 138702701
190659232 1881996688 165590293
1987495235 1394524640 263186180
1107966546 2047586981 4234069
1060339679 19150241 47626867
4210822392 3801604293 13050936
2938004533 3448819209 178503158
3797853920 2824046166 211623642
4152083720 3814655229 58738672
