220561404 643114856 123713527
1087373312 4123526389 171440907
0 766828383 220561404
2907464644 3955968868 167557521
376259478 31984547 611130309
344274931 0 31984547
4209967986 1266450159 84999310
3234177104 1246528251 19921908
4075482989 2729348487 134484997
1258814219 1870560966 858787521
3075022165 1087373312 159154939
2439602258 3906331676 49637192
2297013316 3685217461 142588942
2567764723 1530861045 339699921
3254099012 2863833484 821383977
2489239450 3827806403 78525273
2117601740 1351449469 179411576
